2601
2897
465
6417
7264
9390
2703
190
5325
3081
7870
1465
2902
5874
9064
1241
7461
845
6805
1241
3148
8751
1573
6851
9841
7864
1151
5462
3603
7318
9990
2348
2071
2459
4255
1146
5552
1086
7782
9373
7648
233
9475
4250
4530
8638
204
138
3282
8680
1808
8015
3758
3787
6078
1392
5745
6659
1199
488
2662
1804
6253
1906
2404
575
2994
2236
5631
3928
3184
4033
956
1583
2928
1869
9725
1127
7984
4539
2112
6652
6843
9489
5118
5203
8341
4477
2449
6012
990
3581
7424
5239
5500
8735
270
5335
6769
7722
1078
8423
2286
1610
3820
7934
6089
2121
7687
6115
5012
2663
2760
5410
3643
1171
2106
3244
6078
8256
5755
7912
3903
4312
4202
7715
6780
6942
856
7438
9401
4638
5872
9927
3640
5506
6007
9339
6735
2473
3344
6682
6160
6220
765
1164
3096
418
1591
4013
7364
1862
764
3770
561
7467
7008
221
2660
2657
467
9805
2250
451
8602
3250
3189
1332
8857
3472
4315
7676
2544
9533
1995
5586
1583
9697
5205
4796
5832
6907
2747
8791
2114
2229
2107
1102
6585
8536
5945
7712
7937
4973
2819
5468
764
2983
2961
5376
4964
8263
1648
9629
8876
5822
6538
7723
1409
4228
1912
4194
9669
784
6328
4454
9015
5973
4894
5457
1300
1241
3946
7983
6155
9958
883
9803
852
3944
1972
4849
6023
7071
7839
2917
8543
6399
8524
9474
7943
9529
8600
5883
6464
7903
1862
1152
1204
4738
9464
9476
2064
9574
5175
2981
2084
6874
2622
9171
7937
5774
2459
1239
7750
5510
1838
7219
1253
3869
9816
7746
5655
7634
90
2741
998
3407
8094
6971
921
1591
7157
88
8435
7900
7442
5448
7401
3132
1307
6286
662
8208
597
7047
5427
2958
7699
149
2485
6822
8018
1684
7613
6866
5481
4401
6392
3740
2806
4727
8705
6442
9104
801
8891
6965
938
987
2099
1906
2531
3499
7473
1719
8033
7278
3385
1276
3639
7347
4315
9494
7341
1982
4926
6150
2481
4207
2024
6242
6083
1991
7015
7790
8572
4285
1236
7099
5403
8252
7794
167
4413
4913
1542
9619
3982
2524
9188
9936
5540
5943
1076
7067
8014
7543
6802
1397
1421
1131
9929
7414
3476
9834
6874
5368
2842
6495
7402
1619
7289
4719
1419
804
2956
5117
5008
7362
5966
6704
8573
5430
9136
7111
965
5898
3847
3520
5022
6239
7953
1863
6018
644
8128
3513
1915
1301
2711
2540
12
881
8085
2548
2684
2958
3545
734
599
856
6290
3532
9897
6998
8904
8984
9539
8503
3046
9336
3006
3481
8795
5755
9833
5415
1685
3107
4572
4422
2125
6312
7392
2708
7108
5083
3172
9795
4148
5616
6891
1864
1091
3394
7536
9407
4767
568
2124
4534
7418
9178
2798
9455
1217
9519
5391
7394
2612
4734
3600
6371
2702
1686
9862
6417
8893
2843
7699
8406
3505
379
9189
624
7450
951
3543
3610
8389
9198
2066
366
7503
1153
1975
6358
1283
9478
445
7919
1644
3841
8559
9993
801
8017
1095
2977
1962
4453
7025
8305
8521
6292
8872
4285
193
2001
5818
8811
6648
1136
9229
7937
8976
3896
8944
7207
6018
6688
5508
6892
1969
1516
4363
4119
7181
3642
4865
100
6953
8272
7041
8047
7623
547
8675
8826
1210
6089
2022
7080
2056
4929
3078
5782
1380
9746
2768
3226
3485
2948
4934
8551
8966
8114
3704
8653
9058
8025
945
7517
1264
4114
9329
6450
9512
3875
278
1573
2632
6987
439
2533
4709
1728
3066
2560
6611
2562
9068
9322
4520
969
1668
6422
5533
5752
8521
2473
7895
8487
9173
4640
2406
8001
307
5340
4568
1758
9023
4663
8520
9967
2269
936
2851
3906
8595
785
2706
625
8813
769
1988
3351
4670
6984
8637
5195
2336
6991
1701
9053
9053
1264
6287
8831
2475
344
2524
9757
1158
3834
9994
6700
851
2747
9716
792
7674
2349
1496
9011
4550
2540
9224
4652
7493
4668
4461
3664
1278
8660
7504
2849
9755
8243
6245
3951
7163
4779
4147
7479
6862
6
9992
7751
9021
1645
6536
641
1794
7831
873
2910
1727
9
4430
4732
8417
9382
1747
9016
5744
2242
8690
3123
7973
6188
4975
9518
4231
2310
2341
4860
977
1020
2720
9829
4362
5424
3758
5514
2665
9893
8256
3379
4027
1985
9567
8942
1855
6051
4444
1172
9410
8920
2133
5703
2241
458
9059
8056
2809
1036
8195
950
8675
3317
5668
7714
8627
8000
7977
2199
7241
4748
6380
6002
2307
2365
1934
6872
3540
1987
321
9649
5847
4254
2360
8622
4344
3600
3773
5557
7724
2919
8867
205
9620
7644
1249
3346
7969
4853
6056
519
7710
4151
2677
9896
8033
3226
3642
5047
2205
7802
5899
9524
9662
3549
9067
6294
2416
444
1903
6141
1950
2390
7914
3338
1244
7498
1764
9190
6520
2299
6619
1483
2226
6948
3287
1173
2515
4574
6088
5496
5529
2164
836
2498
4624
8982
2707
8266
2585
7386
7049
1557
2508
2712
4732
5735
8744
5857
4835
3618
2565
5896
7917
6877
61
347
2822
563
9629
4161
5350
9222
3842
4794
4287
9374
5468
1697
9769
6511
4702
7974
4510
7769
9682
8060
57
2100
1892
7355
6850
1430
9689
3525
4078
520
408
5263
9719
359
4523
9337
6430
7953
8663
3450
2060
6006
3978
4757
6315
9095
653
2662
3990
2377
780
1351
5217
1927
5356
4350
9378
9444
4879
2919
4774
6379
5632
2169
4776
2706
6268
9515
3039
1391
8783
4868
405
4055
7493
3915
6224
5194
2894
5452
7403
4336
9642
5369
5691
370
2587
5626
9338
7825
8766
970
9304
4980
5898
5179
9006
2752
9987
8634
2471
9210
818
5429
5230
7000
3034
5883
9889
664
6797
1935
8144
8283
9623
717
201
9814
1999
1167
9857
7103
3284
7003
5801
1173
2974
4212
111
2628
5912
9383
422
5968
8678
9310
6294
2957
2882
9653
8354
1399
1123
3492
9312
9178
722
1338
1899
2381
8454
3949
7307
2961